137
741
1046
1288
497
1074
1160
1463
1589
1449
2334
277
689
1225
1583
2289
2561
1159
1811
2092
3768
2042
2539
3178
514
667
1343
707
1012
1354
360
973
1023
1326
1452
1444
2197
419
831
1367
1725
2431
2703
1301
1948
2235
3911
2185
2681
3320
650
804
1480
305
547
1067
1680
1730
2033
2159
2151
2904
1126
1538
1972
2330
3036
3411
1906
2552
2839
4515
2789
3286
3925
1255
1408
2084
242
1372
1985
2035
2335
2464
2456
3209
1431
1843
2277
2635
3341
6313
2211
2962
3144
4820
3094
3591
4230
1560
1713
2389
1614
2227
2277
2577
2706
2689
3451
1673
2085
2519
2877
2928
3855
2453
3099
3386
5062
3336
3833
4472
1802
1955
2631
613
663
966
1092
1137
1837
301
666
1202
1560
2151
2538
1177
1853
2069
3745
2019
2516
3119
532
1164
1840
312
615
451
478
1196
914
645
1181
1222
1826
2098
1156
1832
2048
3724
1998
2076
3098
1145
1777
2002
303
429
838
1174
964
695
1231
1200
1804
2076
1206
1182
2098
3774
2048
2054
2693
1195
1827
2052
201
837
1173
1267
998
1230
1199
1803
2075
1509
2185
2401
4077
2351
2053
3069
1498
2130
2355
636
972
1393
1124
1029
998
1602
1874
1635
2311
2527
4065
2552
1852
2868
1624
2256
2481
622
1293
927
391
418
1022
1294
1412
2088
2304
4391
2239
1272
1911
1944
2674
2258
1915
1549
1013
984
1588
1860
2389
3065
3281
4957
2805
1838
2477
2521
3303
3235
412
948
1306
2012
2282
923
1599
1815
3491
1765
2262
2901
231
871
1547
536
894
1600
1870
511
1187
1403
3079
1353
1850
2489
577
1362
1357
358
1064
1336
1047
1723
1939
3615
1737
1314
1953
1179
1898
1893
706
978
1405
2081
2297
3973
1923
956
1595
1537
2256
2251
1334
2111
2787
3003
4679
2527
1560
2199
2243
2962
2957
2383
3059
3275
4951
1832
865
1504
2515
3234
3229
676
892
2568
842
1809
1942
651
1291
846
216
1892
1172
2139
2272
1327
1144
468
2108
1388
2355
2488
1543
1360
684
3026
3993
4126
3219
3036
2008
967
1100
1493
2133
1342
639
2460
3100
2309
2593
3233
2442
640
1316
676
