32325
701
23069
29604
7703
25623
6
21190
9448
21820
18371
16026
9217
13941
5586
22400
18257
7361
9084
22809
32260
5228
32365
17068
4439
11409
30950
24265
7594
23518
2926
28204
8662
8855
32452
31203
6338
3549
29207
4276
20785
49
4473
29625
30686
25396
4242
30285
1995
9904
15761
5420
5334
12508
16488
2261
9357
9180
23097
22323
2371
7304
14603
10365
29540
20078
13250
25435
11525
8474
590
21578
13247
12949
17954
25665
9406
25387
30440
8853
12053
20081
1907
9754
84
21895
22261
2443
24413
7835
17010
1835
26995
11694
27252
30637
9620
31387
257
14417
25097
10325
13258
15441
4155
16752
1701
19835
4808
7651
12861
16415
12758
22028
23304
7723
10664
26356
13434
3477
1903
27605
25721
30201
18530
4313
15120
10628
28432
8997
4711
5392
757
25110
27379
15248
11852
30154
6122
175
28197
12003
4090
1716
2231
29575
13882
9129
15863
32171
12129
12732
26218
20114
5942
16101
29751
31632
10823
24521
2688
14356
14302
10719
7922
16614
28721
6353
22939
3244
25305
25381
9980
26035
16773
540
12384
20716
15088
28890
11884
26165
528
26312
18934
32218
21905
4407
32539
22364
7041
4166
13963
7537
25933
15109
2344
27467
28652
28378
25040
14109
29786
28196
29046
17884
23624
4639
10616
3139
12050
21512
12332
8473
19185
29057
956
9398
15986
12342
16181
16836
22054
1217
13786
11075
12955
8395
22718
15311
31372
11380
6802
6694
32085
12021
17851
1765
22953
27268
30888
14226
31879
12153
15458
25311
3178
27310
26980
25133
5313
29483
20142
3152
1438
23299
20245
11666
23474
18297
26845
16634
1145
5223
23433
20174
21170
18145
24562
5206
5906
4885
9879
22755
12601
31093
4148
5136
11493
16153
21654
18760
16230
17758
2989
15496
14674
1236
19683
25702
16505
12119
22700
15699
26139
15739
94
25117
27993
27438
16452
3512
21994
26520
16365
27197
32527
15430
11466
20787
30409
12168
8953
24846
18761
9751
6235
3061
25768
18427
32236
968
25816
27820
2900
10082
23515
4728
26809
21787
27186
25892
10968
18065
15257
6102
21844
22953
15345
5683
22349
27344
6270
20676
13877
9351
24914
10398
23263
26654
24329
15938
13529
13247
28855
10178
10236
10671
1567
21029
30785
7377
2598
4621
10199
18028
20871
10135
31602
2349
25031
14723
6373
25968
9324
2965
29683
699
23146
29754
32098
29323
25566
21871
18514
4180
12286
7391
6605
8899
26960
3915
5791
8774
12827
25391
872
18638
1308
28323
19183
20180
3705
27775
16057
31130
4347
7362
17883
24243
11127
17461
28172
197
4749
20299
4862
10638
4757
7244
4079
9509
28119
12466
12155
17026
27386
24020
19892
15681
10176
6337
24692
29859
1008
2415
23026
5078
14483
5397
6548
3958
28514
26581
24324
7251
28288
16798
29574
885
11365
2641
32137
30557
24602
28962
12923
20110
25004
6978
23266
18252
28379
9659
23721
14500
10258
32411
16311
21676
22940
22868
24775
24588
25876
16995
18035
701
24349
5680
19601
5649
13652
24373
6595
5108
28803
24419
4938
2929
26392
18625
17179
15992
29653
26967
25653
19678
1224
20042
2353
4261
5758
8776
4379
3966
28532
19238
24192
9612
12238
2760
1224
19819
2379
10050
24518
10609
13177
24124
18830
12851
28709
10139
25223
11851
13334
2910
8129
22361
18427
3781
5000
20552
30113
31929
9273
20691
5481
3432
9556
10823
4090
12592
1747
2442
10291
702
3770
6748
8547
9335
20720
28637
5565
3350
22861
22095
4358
1943
15348
29214
17297
27221
32739
20509
24941
18799
6088
19219
477
10351
23830
27254
4872
28462
16729
7798
13810
9714
10695
32062
5803
15578
10519
25974
5319
25212
2966
10764
20493
11724
26999
11060
28020
8000
13162
173
10315
15665
28017
6470
951
20357
3055
29602
12386
32395
9986
21560
31346
22822
30739
7325
21432
1582
21932
10246
20010
9491
8585
20745
6804
8643
23793
1187
24458
32718
22343
1663
31905
24776
10972
19061
3551
18928
31751
1874
17263
27918
11896
26327
24985
30882
1225
30468
31986
13114
24150
16534
18128
26148
1871
9934
32257
23365
20235
29812
22461
29257
22687
14876
29912
4349
22960
25000
14140
29432
15237
6926
2967
7297
21088
1627
31569
29869
7951
16120
6849
19144
20158
11308
10144
19190
27919
15075
27582
9754
31853
25774
14323
28919
26781
10250
2905
32406
1941
21989
15032
14823
7314
22622
11330
17066
4453
22221
31617
20880
23053
23299
6541
10142
13963
23507
15746
3283
18162
20689
14641
8714
9662
13145
1558
2594
31846
4307
7819
11867
17973
4662
30522
8707
13653
7371
11480
26963
28205
28724
14865
10132
3309
26028
18878
30853
10598
13456
31070
30977
19744
24607
8132
17117
4006
12926
27661
24592
19749
26878
28885
30998
11061
30114
28587
17046
24567
31196
30913
28226
28512
24216
13032
8958
21204
11643
24508
16453
16119
3949
28700
28873
31680
5205
15582
20570
719
10275
14272
10505
22528
22804
10401
2957
20544
21297
19185
18150
15007
13594
24422
832
8103
8705
1520
1049
2796
13561
29680
21926
4837
14705
23205
26995
4858
19707
4582
26187
19422
20051
23319
12119
24095
15772
20566
26249
21244
29164
21493
28220
10102
18443
5165
11796
3498
11896
30480
7980
22621
12973
704
25456
17625
29604
5599
27719
5880
7578
1094
29814
15230
21267
27642
20801
25771
10014
22107
24274
21777
3290
31135
3039
19620
24633
11903
18568
19472
27652
28208
23678
8783
4384
27797
26730
30842
29455
8883
5773
20447
19897
23909
16035
9813
22637
9297
270
13516
23075
3354
7472
31784
21252
20184
1817
5200
24364
10693
98
29057
13998
30520
14424
5097
28376
30168
14174
21873
24761
9737
6540
18906
22753
19115
23708
25867
29800
25092
17671
23465
20274
11002
7787
29161
26480
2694
23344
11426
23146
25957
22379
6311
24189
16913
17154
7251
7775
18159
30482
1893
22955
26826
14989
21774
28313
23936
14888
21577
12556
9979
14196
10859
13011
19043
13130
25595
24872
1938
5997
1987
7037
9417
9067
24615
10105
8865
8388
28342
9789
27716
8782
15871
28395
22492
21208
1446
29289
2892
5902
21687
3170
6431
1693
13881
25998
27069
151
1031
19252
17637
24344
23515
8173
3927
3626
27308
18858
4305
2534
570
16632
22077
2012
11495
9603
1065
20405
13256
31705
11639
1815
19196
30833
598
29897
22588
31724
27505
32536
1972
9370
25958
27001
8977
6464
12409
5487
24284
28953
10378
19119
4614
23834
22852
19075
3012
30330
8856
12908
31645
22130
361
29195
8128
23362
20617
22593
11676
15988
5605
31638
10411
24676
12284
471
7054
27904
30614
2819
26463
15821
10674
17257
7491
7467
11712
24842
5694
20185
3088
4164
15692
443
10379
5042
16301
3803
5537
6990
6016
10671
4994
5848
9363
26010
3985
1916
18298
13492
14357
5295
13022
17358
30770
26714
26392
22449
28697
5690
3070
4007
15739
4742
7421
12605
10307
31699
7017
24902
1924
15414
15120
28195
29360
17832
15637
3906
4876
28078
27900
15845
10592
11321
29697
2853
7155
16842
30382
5942
8374
2267
12460
3564
22464
30331
730
19582
27130
3640
10140
5259
28
19777
374
28762
9688
20684
14297
11366
27988
15286
5692
2586
26334
8041
24943
4057
16604
27651
5932
6721
9217
11189
19440
4785
8135
3432
6920
28424
15129
679
23791
24240
32079
29881
6103
18652
864
21773
24198
13
30035
3292
4451
20187
28663
4105
13777
16882
14036
5964
22459
21339
16993
17807
10608
23293
32376
15512
21938
26723
19718
25833
14345
27071
8455
27876
28510
17455
17842
17203
32452
16704
9712
4199
28825
30129
10259
29663
12238
1401
29125
2028
2947
26890
10302
28978
6359
6104
187
32082
26366
15381
13611
5318
14740
21439
12587
1036
15664
25309
2868
24582
27197
6918
7699
2465
2565
7202
22170
5301
4623
12917
2454
5676
18859
13785
26113
7527
28107
28234
22392
23773
18196
8616
27887
17925
26165
11961
6051
7287
31352
22894
22096
17486
30358
11367
8356
20432
30672
5048
9972
4177
9019
5358
14895
11860
27996
18509
28688
3316
32756
30556
22423
31874
12829
1188
20921
112
18070
180
25175
11373
25692
4200
3437
23762
32122
2155
5260
20029
6177
25083
10378
22651
11771
27884
25464
20652
5565
25328
7892
22177
11004
16405
31232
4489
10305
1167
9459
8141
26463
17336
17199
15928
31748
9301
31474
27227
23695
13851
1201
1072
3361
16498
20162
13053
247
28280
2393
4475
9719
31817
11957
25912
20104
18814
23451
25914
28071
29939
3076
21477
22840
26062
4115
28703
1689
26044
19785
433
30077
12414
8188
1264
15608
7333
28933
14750
28374
16793
21434
6411
17713
16096
16412
30591
20035
2205
15697
21724
2680
23895
4180
8320
12487
18684
17131
29801
3395
22822
5849
2972
11757
26268
14677
30663
20941
6172
19132
23077
20033
600
3715
9122
24212
2366
22383
8256
4562
26236
1032
20921
19163
31044
8011
23910
1719
17228
31135
4447
23849
14106
19978
17636
28551
15230
18341
6139
14792
2144
31565
22107
31199
16571
10652
393
8520
28138
23831
17985
1248
16419
14505
24855
16121
14401
2641
13918
30638
7878
30231
8521
1908
27680
19780
15952
10226
1579
26066
13525
10003
30456
1570
17416
20569
205
14573
5896
116
13164
7549
9291
5907
26264
2077
7231
15098
15830
1742
11057
9300
6513
7739
4719
24907
6336
21231
23721
18647
4523
21190
12701
4051
8556
21153
3316
13398
14995
29790
23654
13120
21581
18696
18725
15379
7909
17226
12409
22277
24971
11818
4007
12627
25941
31732
26392
983
4483
371
22711
18397
7431
29031
1435
11827
31045
11316
28390
3199
23063
14296
24045
13525
32532
29727
6041
27529
8722
24346
24333
28482
12009
32205
2952
18256
10362
15656
13709
19520
24304
24377
16194
7853
23366
18591
15383
89
9226
16962
31655
17276
16224
833
15331
17499
5705
5932
18029
8477
7461
29812
32066
9178
25975
22303
6812
4854
31977
13248
10263
23469
15760
22183
28946
19182
29552
853
29784
18541
31555
10291
6400
18420
15990
31363
10897
25849
12405
3734
24682
23670
12584
16447
29793
22773
30909
32649
3243
17642
28841
21925
31996
5958
7657
13862
8942
20041
142
28785
24999
3224
3192
21870
182
3215
8034
25988
29247
24024
6175
6853
17496
8509
29474
9061
16818
14010
4164
8305
1404
4567
1474
15549
1668
10293
9349
12319
23968
11878
4519
730
19276
5889
6450
9565
16532
2038
7723
12334
28469
14880
19407
24609
9471
30489
27676
8909
30333
10578
1939
18240
31960
12899
12861
9970
11001
31647
10732
23288
32238
29932
10691
20858
3215
30162
5880
22375
14945
13521
27353
27239
4538
18680
32269
26386
2342
27059
6429
26463
14346
24805
28211
25951
16007
25398
24609
30251
25761
17071
15012
12571
13473
12164
16362
5944
5303
31536
12115
3828
9188
4551
10613
18457
24087
7560
5474
7168
19351
2226
27437
15875
16288
20890
1962
20532
27217
25849
28022
12368
16838
29322
5943
4334
1665
28629
16165
13052
26382
15685
16330
21356
1766
8577
29189
8491
27797
3833
11349
20307
6936
26559
18260
6049
23177
13209
19330
16681
29694
31828
11332
32584
25774
17499
13357
15579
19541
19336
1659
10158
6874
5689
23013
4152
16687
27303
20628
29061
27002
14451
4463
13683
31346
7810
1691
2337
27147
779
25922
21925
9045
29166
25236
12541
929
13640
14860
23368
13031
23620
26869
7223
23396
9268
17196
5310
1159
30688
17703
22799
5390
31005
18230
26312
16493
18594
30217
19307
25455
24
13427
3856
5151
4720
19053
14166
26857
1657
1374
30367
15101
16306
11674
23421
26612
18781
29992
5223
22198
22484
17352
7089
17307
29728
1076
24507
6096
1480
22183
15208
20477
12007
19612
21201
13860
11905
4568
10299
29389
15639
9898
32071
14688
6009
3954
21609
5074
11228
7520
9883
4483
7468
13438
8531
23911
4260
13041
178
32613
31131
23932
23038
19708
22433
30021
27218
19756
6858
23260
15764
5012
8778
25209
16808
22232
2370
15749
6627
17989
13786
7516
18115
25272
24208
29522
30173
24251
31184
29172
3606
18930
19396
13200
19478
2998
1645
10743
762
28927
12275
15233
21833
20871
17209
12626
31274
4140
16053
23260
25300
31382
5503
2725
21573
19483
13991
20554
18743
22495
7884
5061
12368
7744
10218
30187
23193
20849
2932
6712
11825
3428
19107
15823
28995
18158
28941
16317
16693
13862
25977
32382
2594
16398
15602
11970
4747
9077
17434
3953
28489
27931
12993
7916
29638
30487
15798
13718
29293
30582
31453
10643
24927
25125
19330
24527
14184
8721
16621
28226
5425
28044
12087
13171
3767
14835
25180
1851
10491
4749
10640
26828
24572
22199
11479
19953
18658
9022
16592
30616
9340
27405
11473
28557
30188
776
5945
5000
29089
9527
3074
20842
22662
12071
20886
30916
4985
8077
32740
17817
8959
5933
3506
2149
14134
24826
18485
3933
1035
17791
26847
13561
9644
11645
15736
14256
10561
22486
5744
16130
3543
9897
28532
12732
20892
18367
1599
16760
24402
15398
21427
20323
28670
795
6952
3651
13536
27694
1028
1464
23976
21664
29067
23233
20199
21520
3321
387
7364
7254
13774
15430
7664
4272
19562
3009
10972
22556
2777
29847
23849
28420
24560
15905
25440
31776
153
3694
15587
27801
9067
1928
29219
7018
6782
18937
7444
2060
16253
142
21982
24658
26108
22875
22486
24978
18444
4095
29356
21765
8461
27946
7141
11120
27332
24412
13452
31748
28846
4335
22309
27267
11667
8023
16867
14501
10077
22441
12571
1722
15659
7258
15863
1936
7074
22601
5487
11159
19331
8960
7029
1859
3715
31287
20080
30898
32343
13466
32492
20623
8718
4557
12176
566
28067
2988
12624
7961
24531
19671
20452
8546
12844
28782
8824
18906
20327
28441
21669
5385
1015
23884
31648
2975
7394
24265
19377
29202
26832
29542
16871
7049
20321
272
5643
25593
29380
16144
2258
5517
3974
26253
25174
15692
3751
19538
13511
13046
32243
18386
14174
22574
25231
2921
19859
21214
6611
20965
3728
18136
15447
1349
24805
21177
14161
17089
32381
21523
4126
24586
29905
14027
1566
21970
30043
21439
1733
13199
2638
8876
10223
124
900
17232
7284
11745
12216
8651
22269
32405
13813
14923
20246
1985
9038
16360
7300
12006
208
10957
23768
18722
1461
29081
5956
16303
14810
29189
4782
23980
7284
19654
20995
11040
8958
14517
10958
31036
9334
4397
10761
992
1224
9140
15154
19553
13451
222
17826
4490
22763
21615
13339
2272
12262
2240
6816
15658
1212
14692
28297
13873
18592
14602
1238
19909
9140
11941
19140
22016
4660
3531
27806
29903
25073
28251
24278
22701
9218
1891
32084
10930
26294
20801
13582
25037
19405
4872
27609
23374
20199
24357
6782
23719
20540
17218
19729
25203
14222
12138
32126
24759
17244
22638
31845
22632
22617
6536
23592
26158
25884
6463
4674
11880
11801
13706
17114
19056
5584
31544
27287
6944
13636
11407
23223
9365
22703
6964
15195
22322
13428
22859
2085
27112
26197
1502
15109
10677
5862
14467
6480
25195
20289
20537
22291
17587
22268
10644
1190
27985
11864
26
31364
29098
30907
32492
14169
5507
27489
17577
25693
3595
5198
24207
29665
30236
3463
32483
3623
22462
28801
29331
16503
28397
7642
6683
8815
2460
11591
27045
26011
10489
6606
13428
838
18419
32309
18306
31887
27385
30138
5992
24767
23813
29956
1407
3545
15834
12122
69
24435
17802
23571
770
16325
24890
28749
14507
20224
3369
8418
17926
5345
4079
16536
32527
28805
31491
20120
2971
14975
5248
18722
16187
19752
3625
6270
10339
26422
11690
9782
6859
7312
18977
29826
14614
18785
17116
18948
16818
15211
21348
17845
8959
1439
26811
28448
6835
12778
23523
5838
25725
17745
13727
6913
15336
19008
24446
25765
13699
21791
26132
12419
13119
14119
12427
30904
30744
21364
20827
4709
7927
19035
21589
21417
30935
28413
11750
21964
5671
15132
12186
10173
32624
13614
9695
1215
24888
31920
780
25439
12070
28861
15265
28841
615
9439
14288
19355
14159
6181
32317
5338
3652
25206
31747
9892
21464
19492
3575
2310
21557
964
12080
30287
7614
26174
28871
964
22259
3360
7899
17045
11157
5944
14040
27920
5387
24417
4857
29717
517
5533
28428
202
8543
28260
10870
16015
21576
23612
27510
309
2979
1930
1966
7018
5293
30888
21983
31096
6369
10295
19700
21552
21785
27063
5186
4128
19445
25685
26894
7437
30592
3587
32079
27037
15889
23758
13238
16211
11888
8812
23788
6848
18234
17941
23067
21496
19847
20629
18607
11076
30409
32414
7006
3606
27128
19810
17509
10306
23532
13665
21781
5482
19210
1920
13967
18106
7714
8284
24524
28886
10904
26077
11488
5649
26050
17166
15231
224
17810
5676
28864
17038
5237
17661
3105
2609
15482
27490
27595
26588
19895
22576
26136
20502
17385
19516
23635
29579
20314
12213
27327
16130
9480
12727
23002
6031
6659
1564
13538
9994
3607
13718
10649
19647
27051
13307
5446
1639
13033
12511
25340
25944
32287
22120
7966
25592
15717
27230
25635
12151
13185
1410
1175
14782
3591
21793
5730
10146
27333
6888
17229
28510
19549
24314
706
15168
16948
2112
8403
25762
18315
20224
13951
6940
7660
15794
30512
3064
9928
13327
30599
7654
94
8298
20828
5361
27102
25411
18689
12978
13007
4378
22471
9924
14766
1665
16324
25464
15832
629
3283
10953
2218
15086
9947
26514
12774
8117
22869
9982
856
16246
29704
17984
16314
790
26903
10373
20694
13126
3134
2343
8426
31833
22361
15908
9040
25682
22566
32462
20574
26434
11083
708
6284
11729
10395
3360
4820
4634
9365
14322
27231
26300
27437
5102
20317
13357
22480
28769
28469
24658
11938
24426
14302
29773
6922
19046
27276
29847
30576
10924
16784
32590
16965
14971
11641
9424
25668
12848
28032
11912
11256
26044
1827
18440
8831
22102
24847
15960
7565
3181
1347
18830
12980
19937
20083
5279
28642
1138
1194
30581
32043
26745
11572
5954
3016
17366
4539
24851
13920
24873
17072
4776
13959
31557
6381
17795
4997
16609
31384
12351
11864
16529
26442
4643
20220
20725
3952
31991
5865
18736
31474
28950
31966
7580
787
32709
13789
13501
9113
26563
12150
2163
26413
24610
32585
26483
29444
1364
27591
27383
30143
7305
29240
29877
32144
8505
28162
18702
31135
20732
17704
6537
27308
10658
15889
4991
1781
3456
25227
18200
21850
520
5135
31350
959
15517
13639
15663
31922
29093
3277
20481
77
6623
17718
13505
17502
8694
11855
31381
24518
14423
9126
6755
1311
11584
15436
30601
20642
6426
10202
22735
11591
15625
23730
28057
5421
20929
31623
13154
12605
14491
3104
20325
7179
17128
30552
12445
19452
901
25194
3568
26798
24240
20331
5288
3988
19481
10008
23330
19425
32572
4050
27594
17832
27119
13799
31815
27713
