24779
13163
19720
3945
3980
6783
29697
25371
8926
31888
9214
20949
22234
27486
5516
10369
8464
12619
10327
19373
2345
22380
8429
3643
29899
20960
29637
24666
27325
18016
16768
27317
4428
8472
26734
27114
27629
27573
20308
24125
7203
6848
19821
25486
10659
17706
21422
17800
5559
31272
15182
9244
15840
10561
23942
15405
20927
20644
22678
10381
24629
26048
9736
12073
16330
11279
26168
28288
22091
28210
1300
32602
951
19779
7201
24246
13405
6759
13759
13316
24126
28322
21933
18324
28088
29936
27343
15695
25958
6801
3631
26533
13634
6564
13123
18118
3340
4599
11630
2069
11760
9246
11976
6617
32611
17090
9250
10038
27470
11836
4677
4189
17774
20066
22651
13055
16890
24225
31825
5895
16263
8269
25242
21384
26666
1844
6583
16372
28124
5241
6422
17808
26146
21408
6649
25892
2285
11749
28025
17655
22206
2002
29642
23290
27151
23824
6336
1860
30703
20094
31122
12990
17388
22144
6111
17952
2869
6042
15854
3356
11008
31037
30778
23000
1578
1760
18478
31906
28189
17747
29741
25568
4855
29264
6357
30789
16105
25172
24453
2379
24796
28844
32284
24029
10843
13779
25604
15699
17581
30715
14448
1188
24897
2538
3553
7127
10576
3079
28399
24507
20669
17333
10310
21464
20544
31967
29679
12453
2755
10708
27089
8700
25100
13654
22903
18890
32413
15085
28947
23307
20184
6530
21955
24822
359
5160
4372
1652
32475
30013
30661
29143
9875
26546
28109
2249
21216
31399
11166
12418
26726
827
26796
24127
29894
20642
3881
3055
8314
26232
23827
25903
30720
12628
5745
16504
20538
27041
11482
14487
18965
6313
54
31326
14697
29683
7369
6810
29472
719
6765
2117
18075
16943
286
28412
9809
15032
22204
7603
17337
15641
14861
17831
8811
14492
12034
9620
26242
24570
59
29992
25156
4212
22988
9400
9989
12063
322
17715
7496
28800
20193
11348
26664
15960
19504
10523
6134
12225
7096
23677
28708
18298
3592
2651
17505
27776
2044
30385
12550
20702
7743
8976
12977
15045
2575
78
24879
25567
23360
26748
20896
25313
2948
29976
25557
21344
22249
1412
32509
12261
32163
2487
385
4675
21260
25907
26668
20008
15849
32310
28815
6643
3567
19765
15012
14789
19078
134
11697
24795
24268
2141
9327
15643
18141
7929
9324
24812
8786
8479
9390
32587
20487
19144
10137
11804
30498
11287
11283
8893
8528
27277
14821
7393
19026
8832
3428
29596
2233
31945
9810
30906
13293
19646
15871
9813
11124
19040
26803
19111
9073
15573
26192
9756
6763
10520
26164
12203
23632
22767
16989
29543
14010
19997
30160
16209
17008
30169
21051
4721
26160
12416
14553
549
30380
391
23190
2488
6098
31667
17268
30774
17232
15756
13613
28799
6232
4623
5402
12187
22688
2467
29011
3405
13998
8014
24856
27371
22866
15913
17519
1132
14452
15121
9999
22467
14095
5792
19069
5740
7806
7003
7029
21828
24311
11309
5771
28317
14677
22293
24594
19090
13850
27
4925
408
3508
14472
3204
3414
26111
5718
13129
31671
2316
8166
1724
22589
31009
8177
29180
16280
1536
30145
11135
20855
18284
13729
9139
29854
8426
11666
18149
8504
12997
8767
5731
9583
23636
22579
23773
6203
13183
15690
529
28279
5504
18021
16808
26170
13543
21858
18778
15460
18657
15180
601
24695
16825
10958
2541
6825
9887
12014
7515
22583
169
31224
32012
4603
30487
8375
2795
321
219
5611
10255
5847
20313
31224
5530
26723
22123
4828
23777
2041
5544
99
717
31213
1766
158
2689
15590
22013
22673
2876
6196
17870
13612
23937
9316
26244
6269
9078
16913
282
10019
12427
29437
23582
27142
5211
18784
15796
22597
19671
24959
20189
15728
25505
6529
17401
20472
31414
31614
28299
3043
3152
3546
7229
9668
25099
32209
26404
10731
1862
22610
23364
7129
15052
17681
5463
10743
9140
30680
16074
18823
19845
19485
2825
20186
12190
16090
6652
21955
17365
15001
25553
3661
28767
27086
4605
16809
18672
874
27005
9066
27426
17837
10850
17141
31259
4924
2188
12594
32106
26227
8630
11912
10035
3836
5299
29961
17804
28065
7670
29417
25382
8798
23896
2357
23344
24763
10518
8897
25720
24153
4633
14179
22484
4042
32123
3934
13760
10149
30534
23329
12104
3034
8831
29490
13865
13636
27235
21605
22579
11645
22768
11345
27121
7926
13991
2564
17548
11079
22417
1782
6893
31683
14720
31804
10786
16464
22423
6142
18691
4214
22284
26411
6933
25269
28973
10091
27310
3612
16033
30038
28250
2583
18417
10979
32126
24713
32583
547
30779
1562
1909
20527
26261
3283
27704
27743
4821
25832
12222
6076
9003
8148
20839
30904
30360
27051
12745
32541
18699
11436
30710
17476
25291
4886
23553
15239
22292
23358
31422
18168
5637
12765
5834
1108
21946
1710
27339
26162
5813
3897
28921
28032
18306
27625
17374
5936
19354
9061
31833
21039
27017
26653
12521
4503
25676
23587
31272
20261
17405
18237
8342
4589
4530
29496
22424
19788
2722
8831
10689
11295
3721
21740
31311
7218
19790
20189
16377
11772
30691
5771
23784
7305
30830
23447
14339
4535
30118
31974
31599
31397
9599
8367
7254
105
13065
4818
4072
30977
15253
23916
20896
25740
10011
20392
7881
19131
24536
26328
2880
3202
11579
19908
21371
32275
13826
26177
4042
23820
28065
4358
11485
30447
28899
10172
19847
5076
5587
23892
31169
31066
13021
30877
16114
6627
24881
7446
9582
17409
15976
5633
7996
26155
29034
22456
21532
15029
30351
11076
28360
28671
30468
14380
20347
8428
12145
24715
18352
12693
10712
9061
17196
25663
20161
31035
574
14987
4500
24285
18758
30445
15430
640
10612
21087
7735
18192
18130
14935
8795
4552
16261
10998
4249
5631
6224
31106
32368
4933
21081
8982
13024
14766
3632
29592
392
10350
24589
6380
24844
15014
14681
30311
16569
5758
2928
19591
24940
12916
1958
2273
13743
17652
8328
21082
3366
21032
12388
9626
3882
19473
26891
5566
18611
30935
28885
1357
20859
4957
20710
27502
19552
23065
6320
31064
18186
35
23225
13321
15567
13451
26270
22075
16595
13296
25689
3732
4980
6222
13503
28189
9957
23320
15180
6901
22296
15751
29987
6983
22754
2865
337
19577
9306
27357
32338
23206
24194
12694
24790
19535
1577
27646
10181
30285
26639
4581
4480
27658
7755
6170
13930
16369
7914
21633
11431
10275
7641
26726
6435
23404
17925
9489
20950
14965
3520
7835
30023
6459
10855
24832
6991
15551
26433
31604
800
24832
25515
22011
25221
23334
31858
1332
14956
11264
25729
4213
21665
5808
12476
24093
20188
4005
23339
14886
22270
6090
347
11002
31896
22525
25089
2184
15277
4291
24033
2454
9401
12858
32750
15193
17905
12367
20659
5955
14797
26416
30961
11036
32452
9221
30602
1876
31830
9691
28317
26520
22864
10976
19443
18851
1868
24022
20634
26199
10103
14274
15311
16652
11415
10724
7458
16680
24140
9196
4564
2543
8597
19051
29060
1181
10903
29064
11786
20658
31642
12276
27300
3726
21845
7712
3664
14397
31851
5549
21880
31892
30773
1316
9940
20605
11970
11239
12173
10895
540
21095
2718
7394
21197
21144
30592
16673
2978
1186
25606
10976
6831
25562
19846
21552
31635
32752
15673
14449
14078
3689
25572
4456
31600
12368
6328
27282
13123
16425
16247
32439
15339
15399
23001
5057
8829
8351
18478
18639
2414
18107
32068
2694
7069
7027
10635
8615
12436
17081
8567
4071
1547
31476
806
12027
12974
21680
24387
17906
13857
4756
26922
2247
19008
17812
29261
13879
22955
31080
13526
18384
16258
1340
12686
26699
13421
21673
9469
9243
3296
15588
22483
2118
11421
12853
20102
9076
21370
29099
7229
7493
10084
29455
23789
22504
8100
14102
6849
20458
13665
17882
8896
11851
32102
29067
3242
16599
3878
12642
31266
19635
23805
10455
20754
28471
25017
12052
30028
251
18265
27305
17773
12085
27413
21889
24327
16194
25246
15637
28159
12418
26278
4831
2867
12393
18083
8466
28256
5331
18896
30600
30532
20632
8565
9468
20991
5729
20585
4217
15039
7610
11221
1810
9372
15976
22842
20948
18369
22012
28086
26617
23245
11176
4739
4446
31609
18002
21184
3384
2682
26855
30324
4354
32425
10482
3792
13242
29537
21357
6068
6476
30248
5078
21109
29263
22418
4486
15838
9199
867
30527
20340
11306
9204
6404
20990
5696
5336
11309
3397
4964
26814
17850
6937
3000
1689
4840
3476
15224
8703
2
19107
12405
4815
16762
16577
15302
20503
29496
22790
11194
4661
16946
19041
25105
24636
21565
12834
6763
3225
25122
5563
29952
25846
14325
12743
6546
6494
4002
14923
1696
7842
31177
28732
24797
4092
18636
12354
22240
21491
12838
24252
27933
2174
6654
21764
17940
31340
15611
13300
15048
11267
11355
16297
22387
12008
20543
10374
4216
21823
25673
25980
17305
32274
8809
905
22890
247
4084
3711
6917
31981
8439
30471
4096
3720
9674
6629
30876
12622
14056
19582
14399
20576
4861
4759
17445
19037
9025
24927
27218
27779
6661
5040
1227
10519
24459
29586
27909
3335
16667
32001
17310
14543
5715
15856
24651
24729
20671
30605
32274
6056
10666
25799
30649
27382
25139
18957
10366
3868
18851
12889
17672
9587
32253
32110
16542
23673
6871
9054
4759
28534
19049
20814
28689
18783
27876
17277
19942
20218
18949
131
16092
5187
233
22999
540
271
10787
21908
21990
10479
24588
25981
25218
23127
8538
3902
20858
10495
16884
27125
25862
30602
24069
5360
9160
17510
847
3000
27833
15859
1219
31567
1892
25063
11342
31927
1106
11249
16117
22707
453
6044
1828
14546
10409
31095
22851
27048
30151
29555
18059
4703
9020
2188
29208
1391
17961
5035
15423
3753
29869
9675
14369
25210
2064
3931
8064
4718
20289
6372
14546
10995
17795
12012
25492
24160
8547
1306
16097
24885
20461
29851
7747
23460
12319
6595
16585
5201
8862
29944
32346
14423
16808
4812
24392
25739
21834
32617
21032
21508
22483
2354
29666
22491
7816
5799
7684
31791
31385
5001
12124
32364
26196
14655
17093
30925
4761
13945
18497
26400
26766
31251
13384
26826
21395
9532
14688
25610
26489
26839
16366
28290
14062
21025
4172
7923
28220
19093
25371
11336
1588
20237
19419
32214
9060
8745
12729
4322
30097
32244
19111
22371
11105
2245
19634
29706
20055
4452
18832
30592
6916
22126
26745
751
10620
23803
29241
29635
31240
6781
25474
31922
14874
30188
31110
20473
21894
25632
27845
16105
10222
9086
20004
29347
25214
23254
14912
8736
31194
8076
22273
26996
12373
9974
20338
9811
4196
9990
16848
32212
27474
10793
21473
28533
12341
23150
24966
6495
12064
2027
31124
4588
7322
28253
7392
31335
26959
32270
29593
12051
16902
11260
27867
14446
19411
3383
31872
25014
28814
16779
27450
6317
20355
29023
27871
31386
9835
25309
28931
12944
18076
27219
25036
3314
27260
14809
17666
25655
32571
21557
29542
19179
14018
9979
23109
5878
30182
4089
31564
12833
29410
20945
7838
21462
6148
15336
27428
2087
32422
2431
22820
10259
5728
15392
13078
9988
19580
30012
6323
22939
18346
4882
14414
6576
3061
5330
12903
27541
6902
2563
23422
2203
25672
4386
20517
29400
6716
10636
3929
30247
16077
23710
3858
14959
31958
538
32537
19241
8578
9164
11802
14364
18948
17518
17658
13163
6537
3530
19562
20690
2923
10782
12477
18989
13736
19652
14326
27962
3986
11794
7718
5791
4296
32384
19445
24111
15460
5384
23422
22633
27766
23763
24416
4417
29106
17937
8209
9252
23397
15913
17270
5430
31662
29458
4785
20446
31722
26112
21051
28292
5488
4420
24626
12185
17023
9581
3316
15320
31604
8628
25068
8652
21568
19351
19116
10899
3610
18883
21564
27617
29041
26167
30386
15176
1061
15271
7427
26294
28662
21022
24345
22079
11581
28392
8742
31516
17882
7087
4919
12276
17517
10468
12300
28251
9161
12129
21031
32153
21157
21836
28707
32428
8085
23102
2375
31120
8505
11940
28507
20413
28340
6758
25274
14322
15456
14023
13481
10033
12481
16269
25575
19210
1463
32609
26502
31005
18935
23416
7160
14299
22203
17011
1645
17548
19897
644
25181
14998
13138
19155
11616
16380
30989
23584
9542
23333
3139
11433
27748
21983
15644
846
18476
20899
4538
19955
11777
28955
22963
14118
4681
15073
5573
16129
11715
6538
1989
23378
11546
7395
32473
25338
32443
24698
13287
18579
13028
15200
19021
26710
8702
7470
18643
27963
19757
15430
7901
4449
11557
31067
2534
15793
25407
7220
28457
19647
204
19884
32161
29936
22697
29438
11316
7650
3860
20031
26668
9480
23485
2092
2022
21909
12832
1830
21966
6044
17427
14203
18315
6773
4763
10471
13686
32354
260
9563
9809
16754
7729
9468
822
29606
6192
17263
18381
30291
3601
6740
706
19143
13305
9488
14966
13359
32114
4560
2549
12473
16901
9163
2601
3573
4107
2759
23373
7297
8640
21470
25251
18149
10393
22402
4202
4028
25304
18623
16907
15125
12125
18880
5267
10008
5055
10645
15205
6125
26779
12083
12081
31449
8236
5564
18720
25770
23324
7681
7761
20310
16282
22854
12169
23263
18093
4421
16678
5497
29640
29045
28501
3823
10910
21899
21125
15171
5943
24897
18460
26773
23620
17751
13160
19525
31664
21976
19160
27484
11639
21919
17772
25128
6331
6937
31850
20263
8981
29261
21843
25895
18985
24601
2069
26794
15229
10942
5506
7311
7819
19359
513
25071
17684
11845
10371
3910
13752
24743
14777
17107
17604
6312
15237
13377
12107
13026
7342
18822
27768
3746
12503
29452
10530
27443
10418
4878
8609
10848
23153
29766
19936
7220
28285
5061
5044
14340
17515
16930
29548
26288
9260
24534
25258
16933
3971
14567
18801
28198
18364
17348
21886
28237
23452
18288
6108
7500
20884
11491
8371
10617
16953
32686
3425
14986
30457
25053
15563
9372
24838
30497
7669
19579
31895
2863
19665
8477
29776
30563
29013
20079
6398
2985
5328
3413
392
32413
24958
13547
26403
10481
90
28946
4548
4111
2355
16936
26843
1024
14594
10774
31806
21645
25211
10896
6499
24996
19682
30872
16595
2813
29984
2372
4059
17148
25878
23490
29317
18650
5425
9369
12743
19968
3135
15921
12793
2739
12673
662
30092
1526
1281
29305
14330
5292
12837
19832
13561
21502
12421
32671
28660
8956
26362
2094
4027
24455
1271
15772
8826
27246
1565
4829
24040
14039
5129
16865
12224
26849
14961
32605
12917
18311
8559
7117
23074
1480
16924
13754
28095
9988
18785
24888
8347
682
7434
26804
24582
11024
14108
2796
10574
15266
19305
23103
31726
21055
27489
8487
15361
14304
7211
28676
6397
31867
4853
14363
19613
2599
2952
6110
17951
29568
27935
15470
5552
333
12665
31838
11301
17248
16941
4026
17131
10430
16446
2375
65
25344
27119
29965
11172
6393
4824
16403
1675
11417
25146
19818
7509
6161
19344
23660
9344
9784
30054
9286
13851
2606
622
18612
894
6719
28881
3084
20280
12810
963
25214
17225
32738
27482
19098
30610
16756
7840
3858
15497
13226
7143
21954
32305
14800
860
8173
21322
32758
16351
8138
3268
7317
12818
1855
22906
30069
4528
13292
21021
27597
31009
23659
366
5037
20299
8918
15537
31385
938
12426
24670
16758
20643
16171
17689
3499
30741
13033
228
5504
11826
10753
18580
19401
9869
9606
1409
28361
30579
12129
29570
32337
18303
8599
23321
23848
31081
29386
15338
8623
18975
11267
31602
22981
5399
27566
27637
17897
13027
6630
16312
20382
9734
12787
15473
16148
2566
17681
17148
29700
30914
6771
32591
9692
23046
4232
21680
28444
20829
9085
23078
10240
15910
15619
31533
21599
490
12626
4269
10451
237
3438
1581
27418
4355
6825
24388
12732
19109
15209
12625
18158
28740
1323
25964
12983
24541
15304
22173
12369
17102
4599
8267
4818
28648
21268
12535
23820
13253
23072
29994
4273
29532
31240
11947
30907
23762
15146
19446
29450
6804
4629
21482
32079
15522
29584
14786
2346
19502
27103
11590
23439
15717
3905
15170
31598
13197
4541
21048
29587
19280
9246
32594
27595
24407
61
30618
23880
31515
24190
16749
26182
28664
1693
4653
239
16516
23979
13367
8572
22046
5459
2325
32670
13514
24674
31732
3868
8508
20615
30808
27581
27954
16726
14606
15464
24071
29843
867
20874
24965
17326
8851
696
1276
2698
14212
3990
25232
12162
12468
2039
30935
27822
32368
32581
8356
15970
22344
3876
5405
6904
8383
27986
16916
22480
20551
6353
19604
24468
22636
25161
2489
7617
30287
21416
22469
17251
29526
15115
3441
18720
12066
23777
29569
21111
1473
4429
31899
22090
26149
20685
12121
12442
11477
29722
30365
403
5859
11087
19493
32200
24862
28748
29023
5055
26504
30813
10878
2736
22795
26903
12237
32394
21351
21635
18755
23863
31599
16511
18520
18721
25973
15712
21528
1269
25091
20444
15222
19623
716
12840
16866
16310
27617
12381
6686
16561
17704
9248
845
28154
24587
21378
15437
6090
25965
14117
16710
22389
8162
27553
1923
11247
13855
21029
11137
16271
27055
9314
17734
15124
11752
32676
22260
18918
11038
11074
2462
13214
534
7737
11354
11975
25533
2068
10648
20710
20762
24847
26290
16313
6018
17787
16836
1981
23819
8292
8637
15346
20803
26994
19638
17122
22049
31245
30851
29920
13627
15812
18824
28558
13626
16880
13262
17058
9099
26772
29271
23017
9816
17032
2222
18572
27319
21719
705
22930
801
19813
26355
2470
2597
27349
3694
19994
23901
7081
22454
19757
1186
6315
26500
27529
6524
32396
27601
21264
17116
10956
5425
22232
6414
24537
14946
22644
1513
29819
23077
4726
30025
4719
28492
27697
27071
18515
19221
15044
18822
29378
27062
4948
30649
16575
30009
4760
3524
22359
27274
15771
18713
22658
5327
24509
292
20811
21239
2555
14720
21296
23446
6001
9323
15564
29424
23325
10615
30131
18259
23270
17539
8606
26539
15325
20714
3784
2128
17346
5370
25495
2594
5066
8616
20351
30680
159
23169
17188
28053
11177
14820
29630
7868
16780
9583
11714
28166
498
26295
15039
19410
29834
7228
24197
20156
28497
13980
12173
14960
21008
22022
20117
26817
6949
7154
16779
18677
14727
17679
30124
26979
16389
8061
11501
16193
24014
12605
23194
8375
16438
8934
13117
9527
16823
17049
29633
24593
2614
13110
9175
10562
1160
7120
22425
26765
19765
27487
13421
5838
32380
1205
15661
27018
32151
26292
10629
23754
11584
9405
19612
3882
10611
17259
20214
9261
28790
19842
16281
8403
7447
13602
16494
30318
5685
21825
20971
12209
22401
10072
495
29706
14214
347
493
21810
20199
28655
26701
6914
25832
216
8463
392
1328
4528
20914
7514
8910
30431
13396
23082
27769
3783
11802
18331
13852
5439
9426
10323
7058
19267
22487
30545
16557
18153
16437
22401
21118
32663
15374
8590
11728
27252
2365
1016
20214
15132
